[21895.049030] [project1] 27496 1588090126.300005820 1588090127.083164916
[21896.713502] [project1] 27497 1588090127.931267373 1588090128.747655306
[21898.356773] [project1] 27501 1588090129.532789789 1588090130.390947569
[21899.898772] [project1] 27502 1588090131.125484246 1588090131.932961116
[21901.388157] [project1] 27503 1588090132.607006887 1588090133.422366010
[21902.945700] [project1] 27504 1588090134.163369337 1588090134.979936916
[21904.448882] [project1] 27505 1588090135.700863480 1588090136.483135939
[21906.056720] [project1] 27506 1588090137.262446443 1588090138.090991092
[21907.553970] [project1] 27507 1588090138.765022200 1588090139.588262964
[21909.046764] [project1] 27510 1588090140.313484731 1588090141.081076110
